21.11.29. 10:38 이재원 입력: 1번 요소 추가(야채), 요소 채움. 2번 요소 채움
   1, 2, 3, 4, 5, 6
1. 밥, 면, (국,탕,찌개), 육류, 야채, 패스트푸드
2. 집에서 먹기, 나가서 먹기
3. 넉넉하게, 딱 맞게, 모자라게
4. 계획적이다, 잘모르겠다, 즉흥적이다
5. 혼자서, 친구랑같이
6. 많이잔다, 적당히잔다, 부족하게잔다.
7. 화난다, 기쁘다, 우울하다, 그저그렇다
8. (오늘따라 힘이없고 무기력하다) yes, no
9. (나는 요즘 음식을 먹을 때 자주 체하거나 소화가 잘 안된다.) yes, no
10. (지금 시간대) 아침, 낮, 저녁, 밤

food={
#밥
'비빔밥':[[1, 5], 2, 2,3,1,2,4,1,1,[1,2,3]],
'볶음밥':[[1, 5], 2, 2,3,1,2,4,1,2,[2,3]],
'감밥':[[1, 5], 1, 2,3,2,1,3,2,1,[2,3]],
'덮밥':[[1, 5], 2, 2,2,2,3,2,1,1,[2,3]],
'스시':[[1], 2,    3,1,2,3,1,2,2,[2,3,4]],
'카레':[[1], 1,    2,3,1,1,4,2,1,[1,2,3]],
'규동':[[1, 4], 2, 2, 1,2,2,4,1,2,[2,3]],
'국밥':[[1, 2], 2, 1,2,1,3,3,1,1,[1,2,3]],
#면
'짜장면':[[2], 1,  1,3,1,1,1,2,2,[2,3]],
'짬뽕':[[2], 1,    1,3,1,1,3,1,2,[2,3]],
'라멘':[[2], 2,    2,2,2,3,2,1,2,[2,3]],
'우동':[[2], 2,    2,2,2,2,3,1,1,[2,3]],
'파스타':[[2], 2,   3,1,2,2,2,2,2,[2,3]],
'잔치국수':[[2], 2, 1,2,1,3,2,1,1,[1,2,3]],
'쌀국수':[[2], 2,   2,1,1,2,4,2,1,[2,3]],
'냉면':[[2], 2,    1,2,2,1,1,2,2,[2,3]],
#국,탕,찌개
'마라탕':[[3], 2, 1, 2,1,1,1,1,2,[2,3]],
'된장찌개':[[3, 5], 2, 1,2,1,3,4,1,1,[1,2,3]],
'김치찌개':[[3], 2,    1,2,1,3,4,1,1,[1,2,3]],
'갈비탕':[[3, 4], 2,   1,2,2,3,3,1,1,[2,3]],
'매운탕':[[3], 2,     1,1,2,2,1,1,1,[2,3,4]],
'닭볶음탕':[[3, 4], 2, 1,1,2,1,2,2,2,[2,3,4]],
'순두부찌개':[[3, 5], 2, 2,2,1,1,4,2,2,[2,3]],
'콩나물국':[[3, 5], 2, 2,3,1,3,4,1,1,[1,2,3]],
#육류
'돈까스':[[4], 2, 2,2,1,2,3,2,2,[2,3]],
'가라아케':[[4], 2, 3,1,2,2,2,2,2,[2,3,4]],
'스테이크':[[4], 2, 3,1,2,3,2,1,2,[2,3,4]],
'삼겹살':[[4], 2, 2,2,2,3,3,1,2,[2,3,4]],
'제육볶음':[[4], 2, 2,2,1,1,4,2,1,[1,2,3]],
'불고기':[[4], 2, 2,2,1,1,4,1,1,[1,2,3]],
'갈비':[[4], 2, 3,1,2,3,2,1,2,[1,2,3]],
'치킨':[[4], 1, 2,3,1,2,2,2,2,[2,3,4]],
'족발':[[4], 1, 3,2,2,1,1,1,2,[2,3,4]],
#
'샌드위치':[[6], 1, 3,3,1,1,4,2,2,[1,2]],
'피자':[[6], 1, 1,3,2,2,2,1,2,[2,3]],
'햄버거':[[6], 1, 2,3,1,2,4,2,2,[2,3]],
'떡볶이':[[6], 1, 1,2,1,2,1,2,2,[2,3,4]],
'라면':[[2, 6], 1, 2,3,1,1,4,2,1,[2,3,4]],
'핫도그':[[6], 2, 3,2,1,1,4,2,1,[2,3]],
'와플':[[6], 2, 3,3,1,3,2,1,1,[2,3]],
'샐러드':[[6], 1, 3,1,1,1,4,2,1,[1,2]]
}
